[General]
    fileVersion           = 3.00                
    fileType              = crossDef            

[Definition]
    Id                    = 99                  
    Type                  = zwRiver             
    Thalweg               = 0.000               
    numLevels             = 2                   
    levels                = -1.50000 -0.30000   
    flowWidths            = 9.00000 19.80000    
    totalWidths           = 9.00000 19.80000    
    leveeCrestLevel       = 0.000               
    leveeFlowArea         = 0.000               
    leveeTotalArea        = 0.000               
    leveeBaseLevel        = 0.000               
    frictionIds           = Channels;Channels;Channels

[Definition]
    Id                    = 10                  
    Type                  = zwRiver             
    Thalweg               = 0.000               
    numLevels             = 5                   
    levels                = 0.00000 1.25000 2.10000 2.11000 3.51000
    flowWidths            = 9.00000 19.00000 22.40000 25.40000 31.00000
    totalWidths           = 9.00000 19.00000 22.40000 25.40000 31.00000
    leveeCrestLevel       = 0.000               
    leveeFlowArea         = 0.000               
    leveeTotalArea        = 0.000               
    leveeBaseLevel        = 0.000               
    frictionIds           = Channels;Channels;Channels
    IsShared              = True                

[Definition]
    Id                    = 635                 
    Type                  = zwRiver             
    Thalweg               = 0.000               
    numLevels             = 2                   
    levels                = -5.00000 5.00000    
    flowWidths            = 0.00100 0.00100     
    totalWidths           = 0.00100 0.00100     
    leveeCrestLevel       = 0.000               
    leveeFlowArea         = 0.000               
    leveeTotalArea        = 0.000               
    leveeBaseLevel        = 0.000               
    frictionIds           = Channels;Channels;Channels

[Definition]
    Id                    = 386                 
    Type                  = zwRiver             
    Thalweg               = 0.000               
    numLevels             = 2                   
    levels                = 0.00000 10.00000    
    flowWidths            = 10.00000 10.00000   
    totalWidths           = 10.00000 10.00000   
    leveeCrestLevel       = 0.000               
    leveeFlowArea         = 0.000               
    leveeTotalArea        = 0.000               
    leveeBaseLevel        = 0.000               
    frictionIds           = Channels;Channels;Channels
    IsShared              = True                

[Definition]
    Id                    = DV_1477             
    Type                  = zwRiver             
    Thalweg               = 0.000               
    numLevels             = 3                   
    levels                = -1.75000 1.00000 18.00000
    flowWidths            = 10.00000 10.00000 10.00000
    totalWidths           = 10.00000 10.00000 10.00000
    leveeCrestLevel       = 0.000               
    leveeFlowArea         = 0.000               
    leveeTotalArea        = 0.000               
    leveeBaseLevel        = 0.000               
    frictionIds           = Channels;Channels;Channels

[Definition]
    Id                    = 552                 
    Type                  = zwRiver             
    Thalweg               = 0.000               
    numLevels             = 3                   
    levels                = -1.00000 1.00000 18.00000
    flowWidths            = 1.00000 1.00000 1.00000
    totalWidths           = 1.00000 1.00000 1.00000
    leveeCrestLevel       = 0.000               
    leveeFlowArea         = 0.000               
    leveeTotalArea        = 0.000               
    leveeBaseLevel        = 0.000               
    frictionIds           = Channels;Channels;Channels
    IsShared              = True                

